7     110.090 102.377682
42     66.750 178.788870
31    163.350 178.788870
36    441.820 373.249667
19    127.380 102.377682
45    112.900 178.788870
33    494.480 373.249667
48    355.311 373.249667
30     68.110 102.377682
13    223.400 178.788870
63    165.417 102.377682
40     93.470 178.788870
3     151.990 178.788870
17    118.700 178.788870
34    331.300 373.249667
8     130.200 102.377682
44    169.700 178.788870
6      21.810 102.377682
56    149.700 102.377682
66    122.600 178.788870
15    324.830 178.788870
27     59.910 102.377682
26     59.350 102.377682
24     45.090 102.377682
67    141.400 102.377682
11     68.240 102.377682
32    135.622 102.377682
64    208.507 373.249667
50    380.000 178.788870
37    170.000 178.788870
29    101.860 178.788870
43    176.700 178.788870
53    135.354 178.788870
1     233.280 178.788870
21    150.600 102.377682
2     178.880 178.788870
62     79.730 102.377682
39    320.910 178.788870
35    408.080 373.249667
52     65.420 178.788870
23    100.100 102.377682
59    109.100 102.377682
10    144.340 102.377682
22     68.830 102.377682
18    137.720 178.788870
57     55.360 102.377682
38    334.490 178.788870
20    150.700 102.377682
60    111.230 102.377682
14    167.420 178.788870
51    162.420 178.788870
Name: Cp_J/mol-K, dtype: float64 
