7     110.090 105.912034
42     66.750 105.912034
31    163.350 105.912034
36    441.820 441.820000
19    127.380 138.990000
45    112.900 105.912034
33    494.480 494.480000
48    355.311 355.311000
30     68.110 105.912034
13    223.400 170.606667
63    165.417 105.912034
40     93.470 105.912034
3     151.990 105.912034
17    118.700 118.700000
34    331.300 331.300000
8     130.200 105.912034
44    169.700 105.912034
6      21.810 105.912034
56    149.700 105.912034
66    122.600 105.912034
15    324.830 324.830000
27     59.910 105.912034
26     59.350 105.912034
24     45.090 105.912034
67    141.400 105.912034
11     68.240 105.912034
32    135.622 105.912034
64    208.507 208.507000
50    380.000 380.000000
37    170.000 170.000000
29    101.860 105.912034
43    176.700 105.912034
53    135.354 135.354000
1     233.280 233.280000
21    150.600 138.990000
2     178.880 178.880000
62     79.730 105.912034
39    320.910 320.910000
35    408.080 408.080000
52     65.420 105.912034
23    100.100 105.912034
59    109.100 105.912034
10    144.340 144.340000
22     68.830 105.912034
18    137.720 170.606667
57     55.360 105.912034
38    334.490 334.490000
20    150.700 170.606667
60    111.230 105.912034
14    167.420 105.912034
51    162.420 162.420000
