7     110.090 89.165000
42     66.750 66.750000
31    163.350 163.350000
36    441.820 418.920000
19    127.380 138.990000
45    112.900 112.900000
33    494.480 418.920000
48    355.311 355.311000
30     68.110 98.521714
13    223.400 171.050000
63    165.417 165.417000
40     93.470 93.470000
3     151.990 151.990000
17    118.700 171.050000
34    331.300 418.920000
8     130.200 130.200000
44    169.700 169.700000
6      21.810 21.810000
56    149.700 107.560000
66    122.600 122.600000
15    324.830 279.055000
27     59.910 59.630000
26     59.350 59.630000
24     45.090 45.090000
67    141.400 98.521714
11     68.240 89.165000
32    135.622 98.521714
64    208.507 149.362333
50    380.000 380.000000
37    170.000 275.133333
29    101.860 149.362333
43    176.700 176.700000
53    135.354 135.354000
1     233.280 279.055000
21    150.600 138.990000
2     178.880 178.880000
62     79.730 79.730000
39    320.910 275.133333
35    408.080 418.920000
52     65.420 107.560000
23    100.100 100.100000
59    109.100 98.521714
10    144.340 144.340000
22     68.830 98.521714
18    137.720 149.362333
57     55.360 98.521714
38    334.490 275.133333
20    150.700 150.700000
60    111.230 98.521714
14    167.420 167.420000
51    162.420 162.420000
Name: Cp_J/mol-K, dtype: float64 
