7     110.090 115.742800
42     66.750 66.750000
31    163.350 115.742800
36    441.820 418.920000
19    127.380 115.742800
45    112.900 138.192500
33    494.480 418.920000
48    355.311 115.742800
30     68.110 115.742800
13    223.400 211.042222
63    165.417 115.742800
40     93.470 138.192500
3     151.990 211.042222
17    118.700 118.700000
34    331.300 418.920000
8     130.200 115.742800
44    169.700 138.192500
6      21.810 115.742800
56    149.700 115.742800
66    122.600 115.742800
15    324.830 211.042222
27     59.910 115.742800
26     59.350 115.742800
24     45.090 115.742800
67    141.400 115.742800
11     68.240 115.742800
32    135.622 115.742800
64    208.507 208.507000
50    380.000 211.042222
37    170.000 275.133333
29    101.860 211.042222
43    176.700 138.192500
53    135.354 121.064667
1     233.280 211.042222
21    150.600 115.742800
2     178.880 211.042222
62     79.730 115.742800
39    320.910 275.133333
35    408.080 418.920000
52     65.420 121.064667
23    100.100 115.742800
59    109.100 115.742800
10    144.340 115.742800
22     68.830 115.742800
18    137.720 211.042222
57     55.360 115.742800
38    334.490 275.133333
20    150.700 115.742800
60    111.230 115.742800
14    167.420 211.042222
51    162.420 121.064667
