7     110.090 86.120000
42     66.750 269.006727
31    163.350 114.385000
36    441.820 269.006727
19    127.380 109.179200
45    112.900 153.100000
33    494.480 269.006727
48    355.311 355.311000
30     68.110 120.663857
13    223.400 120.663857
63    165.417 120.663857
40     93.470 269.006727
3     151.990 189.623917
17    118.700 189.623917
34    331.300 269.006727
8     130.200 109.179200
44    169.700 153.100000
6      21.810 86.120000
56    149.700 189.623917
66    122.600 189.623917
15    324.830 189.623917
27     59.910 109.179200
26     59.350 109.179200
24     45.090 45.090000
67    141.400 120.663857
11     68.240 86.120000
32    135.622 109.179200
64    208.507 189.623917
50    380.000 189.623917
37    170.000 269.006727
29    101.860 189.623917
43    176.700 153.100000
53    135.354 269.006727
1     233.280 189.623917
21    150.600 109.179200
2     178.880 189.623917
62     79.730 120.663857
39    320.910 269.006727
35    408.080 269.006727
52     65.420 114.385000
23    100.100 109.179200
59    109.100 109.179200
10    144.340 86.120000
22     68.830 109.179200
18    137.720 189.623917
57     55.360 120.663857
38    334.490 269.006727
20    150.700 109.179200
60    111.230 120.663857
14    167.420 189.623917
51    162.420 269.006727
Name: Cp_J/mol-K, dtype: float64 
