7     110.090 110.090000
42     66.750 84.923333
31    163.350 132.660571
36    441.820 441.820000
19    127.380 75.654000
45    112.900 132.660571
33    494.480 494.480000
48    355.311 355.311000
30     68.110 75.654000
13    223.400 223.400000
63    165.417 115.063400
40     93.470 132.660571
3     151.990 132.660571
17    118.700 153.000000
34    331.300 331.300000
8     130.200 133.204400
44    169.700 132.660571
6      21.810 75.654000
56    149.700 133.204400
66    122.600 84.923333
15    324.830 324.830000
27     59.910 75.654000
26     59.350 75.654000
24     45.090 75.654000
67    141.400 133.204400
11     68.240 115.063400
32    135.622 133.204400
64    208.507 208.507000
50    380.000 380.000000
37    170.000 188.566667
29    101.860 132.660571
43    176.700 153.000000
53    135.354 132.660571
1     233.280 188.566667
21    150.600 75.654000
2     178.880 153.000000
62     79.730 115.063400
39    320.910 320.910000
35    408.080 408.080000
52     65.420 84.923333
23    100.100 75.654000
59    109.100 133.204400
10    144.340 144.340000
22     68.830 75.654000
18    137.720 153.000000
57     55.360 75.654000
38    334.490 334.490000
20    150.700 115.063400
60    111.230 115.063400
14    167.420 167.420000
51    162.420 188.566667
Name: Cp_J/mol-K, dtype: float64 
