7     110.090 210.940333
42     66.750 66.750000
31    163.350 93.506714
36    441.820 441.820000
19    127.380 93.506714
45    112.900 125.356667
33    494.480 494.480000
48    355.311 210.940333
30     68.110 93.506714
13    223.400 223.400000
63    165.417 135.458222
40     93.470 125.356667
3     151.990 93.506714
17    118.700 135.458222
34    331.300 331.300000
8     130.200 122.006000
44    169.700 125.356667
6      21.810 93.506714
56    149.700 122.006000
66    122.600 122.006000
15    324.830 324.830000
27     59.910 93.506714
26     59.350 93.506714
24     45.090 93.506714
67    141.400 122.006000
11     68.240 135.458222
32    135.622 122.006000
64    208.507 135.458222
50    380.000 380.000000
37    170.000 170.000000
29    101.860 93.506714
43    176.700 176.700000
53    135.354 93.506714
1     233.280 180.013333
21    150.600 93.506714
2     178.880 135.458222
62     79.730 135.458222
39    320.910 320.910000
35    408.080 408.080000
52     65.420 122.006000
23    100.100 93.506714
59    109.100 122.006000
10    144.340 180.013333
22     68.830 93.506714
18    137.720 135.458222
57     55.360 93.506714
38    334.490 334.490000
20    150.700 135.458222
60    111.230 135.458222
14    167.420 210.940333
51    162.420 180.013333
Name: Cp_J/mol-K, dtype: float64 
