7     110.090 210.940333
42     66.750 115.099000
31    163.350 99.127294
36    441.820 441.820000
19    127.380 99.127294
45    112.900 99.127294
33    494.480 494.480000
48    355.311 210.940333
30     68.110 99.127294
13    223.400 223.400000
63    165.417 139.582400
40     93.470 99.127294
3     151.990 99.127294
17    118.700 139.582400
34    331.300 331.300000
8     130.200 115.099000
44    169.700 99.127294
6      21.810 99.127294
56    149.700 115.099000
66    122.600 115.099000
15    324.830 324.830000
27     59.910 99.127294
26     59.350 99.127294
24     45.090 99.127294
67    141.400 115.099000
11     68.240 139.582400
32    135.622 115.099000
64    208.507 139.582400
50    380.000 394.040000
37    170.000 177.510000
29    101.860 99.127294
43    176.700 139.582400
53    135.354 99.127294
1     233.280 177.510000
21    150.600 99.127294
2     178.880 139.582400
62     79.730 139.582400
39    320.910 320.910000
35    408.080 394.040000
52     65.420 115.099000
23    100.100 99.127294
59    109.100 115.099000
10    144.340 177.510000
22     68.830 99.127294
18    137.720 139.582400
57     55.360 99.127294
38    334.490 334.490000
20    150.700 139.582400
60    111.230 139.582400
14    167.420 210.940333
51    162.420 177.510000
Name: Cp_J/mol-K, dtype: float64 
