7     110.090 140.598744
42     66.750 180.615000
31    163.350 140.598744
36    441.820 418.920000
19    127.380 140.598744
45    112.900 180.615000
33    494.480 418.920000
48    355.311 140.598744
30     68.110 140.598744
13    223.400 140.598744
63    165.417 140.598744
40     93.470 180.615000
3     151.990 140.598744
17    118.700 140.598744
34    331.300 418.920000
8     130.200 140.598744
44    169.700 180.615000
6      21.810 140.598744
56    149.700 140.598744
66    122.600 140.598744
15    324.830 140.598744
27     59.910 140.598744
26     59.350 140.598744
24     45.090 140.598744
67    141.400 140.598744
11     68.240 140.598744
32    135.622 140.598744
64    208.507 140.598744
50    380.000 140.598744
37    170.000 180.615000
29    101.860 140.598744
43    176.700 180.615000
53    135.354 140.598744
1     233.280 140.598744
21    150.600 140.598744
2     178.880 140.598744
62     79.730 140.598744
39    320.910 180.615000
35    408.080 418.920000
52     65.420 140.598744
23    100.100 140.598744
59    109.100 140.598744
10    144.340 140.598744
22     68.830 140.598744
18    137.720 140.598744
57     55.360 140.598744
38    334.490 180.615000
20    150.700 140.598744
60    111.230 140.598744
14    167.420 140.598744
51    162.420 140.598744
Name: Cp_J/mol-K, dtype: float64 
