7     110.090 141.175026
42     66.750 180.615000
31    163.350 141.175026
36    441.820 418.920000
19    127.380 141.175026
45    112.900 180.615000
33    494.480 418.920000
48    355.311 141.175026
30     68.110 141.175026
13    223.400 141.175026
63    165.417 141.175026
40     93.470 180.615000
3     151.990 141.175026
17    118.700 118.700000
34    331.300 418.920000
8     130.200 141.175026
44    169.700 180.615000
6      21.810 141.175026
56    149.700 141.175026
66    122.600 141.175026
15    324.830 141.175026
27     59.910 141.175026
26     59.350 141.175026
24     45.090 141.175026
67    141.400 141.175026
11     68.240 141.175026
32    135.622 141.175026
64    208.507 141.175026
50    380.000 141.175026
37    170.000 180.615000
29    101.860 141.175026
43    176.700 180.615000
53    135.354 141.175026
1     233.280 141.175026
21    150.600 141.175026
2     178.880 141.175026
62     79.730 141.175026
39    320.910 180.615000
35    408.080 418.920000
52     65.420 141.175026
23    100.100 141.175026
59    109.100 141.175026
10    144.340 141.175026
22     68.830 141.175026
18    137.720 141.175026
57     55.360 141.175026
38    334.490 180.615000
20    150.700 141.175026
60    111.230 141.175026
14    167.420 141.175026
51    162.420 141.175026
Name: Cp_J/mol-K, dtype: float64 
