7     110.090 102.377682
42     66.750 181.520182
31    163.350 181.520182
36    441.820 418.920000
19    127.380 102.377682
45    112.900 181.520182
33    494.480 418.920000
48    355.311 281.909000
30     68.110 102.377682
13    223.400 181.520182
63    165.417 102.377682
40     93.470 181.520182
3     151.990 181.520182
17    118.700 118.700000
34    331.300 418.920000
8     130.200 102.377682
44    169.700 181.520182
6      21.810 102.377682
56    149.700 102.377682
66    122.600 181.520182
15    324.830 181.520182
27     59.910 102.377682
26     59.350 102.377682
24     45.090 102.377682
67    141.400 102.377682
11     68.240 102.377682
32    135.622 102.377682
64    208.507 281.909000
50    380.000 181.520182
37    170.000 181.520182
29    101.860 181.520182
43    176.700 181.520182
53    135.354 181.520182
1     233.280 181.520182
21    150.600 102.377682
2     178.880 181.520182
62     79.730 102.377682
39    320.910 181.520182
35    408.080 418.920000
52     65.420 181.520182
23    100.100 102.377682
59    109.100 102.377682
10    144.340 102.377682
22     68.830 102.377682
18    137.720 181.520182
57     55.360 102.377682
38    334.490 181.520182
20    150.700 102.377682
60    111.230 102.377682
14    167.420 181.520182
51    162.420 181.520182
Name: Cp_J/mol-K, dtype: float64 
