7     110.090 110.090000
42     66.750 63.225000
31    163.350 163.350000
36    441.820 441.820000
19    127.380 140.850500
45    112.900 112.900000
33    494.480 494.480000
48    355.311 355.311000
30     68.110 63.225000
13    223.400 223.400000
63    165.417 165.417000
40     93.470 93.470000
3     151.990 129.124800
17    118.700 129.124800
34    331.300 331.300000
8     130.200 140.400000
44    169.700 169.700000
6      21.810 63.225000
56    149.700 140.850500
66    122.600 122.600000
15    324.830 324.830000
27     59.910 63.225000
26     59.350 63.225000
24     45.090 63.225000
67    141.400 141.400000
11     68.240 63.225000
32    135.622 140.850500
64    208.507 208.507000
50    380.000 380.000000
37    170.000 170.000000
29    101.860 129.124800
43    176.700 176.700000
53    135.354 129.124800
1     233.280 233.280000
21    150.600 140.400000
2     178.880 178.880000
62     79.730 63.225000
39    320.910 320.910000
35    408.080 408.080000
52     65.420 63.225000
23    100.100 63.225000
59    109.100 109.100000
10    144.340 144.340000
22     68.830 63.225000
18    137.720 129.124800
57     55.360 63.225000
38    334.490 334.490000
20    150.700 140.850500
60    111.230 111.230000
14    167.420 167.420000
51    162.420 162.420000
Name: Cp_J/mol-K, dtype: float64 
