7     110.090 148.034152
42     66.750 148.034152
31    163.350 148.034152
36    441.820 358.876000
19    127.380 148.034152
45    112.900 148.034152
33    494.480 358.876000
48    355.311 148.034152
30     68.110 148.034152
13    223.400 148.034152
63    165.417 148.034152
40     93.470 148.034152
3     151.990 148.034152
17    118.700 358.876000
34    331.300 358.876000
8     130.200 148.034152
44    169.700 148.034152
6      21.810 148.034152
56    149.700 148.034152
66    122.600 148.034152
15    324.830 148.034152
27     59.910 148.034152
26     59.350 148.034152
24     45.090 148.034152
67    141.400 148.034152
11     68.240 148.034152
32    135.622 148.034152
64    208.507 148.034152
50    380.000 148.034152
37    170.000 148.034152
29    101.860 148.034152
43    176.700 148.034152
53    135.354 148.034152
1     233.280 148.034152
21    150.600 148.034152
2     178.880 148.034152
62     79.730 148.034152
39    320.910 148.034152
35    408.080 358.876000
52     65.420 148.034152
23    100.100 148.034152
59    109.100 148.034152
10    144.340 148.034152
22     68.830 148.034152
18    137.720 148.034152
57     55.360 148.034152
38    334.490 148.034152
20    150.700 148.034152
60    111.230 148.034152
14    167.420 148.034152
51    162.420 148.034152
Name: Cp_J/mol-K, dtype: float64 
