7     110.090 102.377682
42     66.750 180.615000
31    163.350 177.814933
36    441.820 418.920000
19    127.380 102.377682
45    112.900 180.615000
33    494.480 418.920000
48    355.311 281.909000
30     68.110 102.377682
13    223.400 177.814933
63    165.417 102.377682
40     93.470 180.615000
3     151.990 177.814933
17    118.700 177.814933
34    331.300 418.920000
8     130.200 102.377682
44    169.700 180.615000
6      21.810 102.377682
56    149.700 102.377682
66    122.600 177.814933
15    324.830 177.814933
27     59.910 102.377682
26     59.350 102.377682
24     45.090 102.377682
67    141.400 102.377682
11     68.240 102.377682
32    135.622 102.377682
64    208.507 281.909000
50    380.000 177.814933
37    170.000 180.615000
29    101.860 177.814933
43    176.700 180.615000
53    135.354 177.814933
1     233.280 177.814933
21    150.600 102.377682
2     178.880 177.814933
62     79.730 102.377682
39    320.910 180.615000
35    408.080 418.920000
52     65.420 177.814933
23    100.100 102.377682
59    109.100 102.377682
10    144.340 102.377682
22     68.830 102.377682
18    137.720 177.814933
57     55.360 102.377682
38    334.490 180.615000
20    150.700 102.377682
60    111.230 102.377682
14    167.420 177.814933
51    162.420 177.814933
Name: Cp_J/mol-K, dtype: float64 
